0.000000	0.500000	0.500000	0.500000
0.010000	0.502500	0.502500	0.502500
0.020000	0.505000	0.505000	0.505000
0.030000	0.507500	0.507500	0.507499
0.040000	0.509999	0.509999	0.509999
0.050000	0.512498	0.512498	0.512497
0.060000	0.514997	0.514996	0.514996
0.070000	0.517494	0.517493	0.517493
0.080000	0.519991	0.519990	0.519989
0.090000	0.522487	0.522485	0.522485
0.100000	0.524982	0.524979	0.524979
0.110000	0.527476	0.527473	0.527472
0.120000	0.529968	0.529964	0.529964
0.130000	0.532459	0.532455	0.532454
0.140000	0.534949	0.534943	0.534943
0.150000	0.537437	0.537430	0.537430
0.160000	0.539923	0.539915	0.539915
0.170000	0.542407	0.542398	0.542398
0.180000	0.544889	0.544879	0.544879
0.190000	0.547369	0.547358	0.547358
0.200000	0.549846	0.549834	0.549834
0.210000	0.552321	0.552308	0.552308
0.220000	0.554794	0.554780	0.554779
0.230000	0.557264	0.557248	0.557248
0.240000	0.559731	0.559714	0.559714
0.250000	0.562195	0.562177	0.562177
0.260000	0.564657	0.564637	0.564636
0.270000	0.567115	0.567093	0.567093
0.280000	0.569570	0.569547	0.569546
0.290000	0.572022	0.571997	0.571996
0.300000	0.574470	0.574443	0.574443
0.310000	0.576914	0.576886	0.576885
0.320000	0.579355	0.579325	0.579324
0.330000	0.581792	0.581760	0.581759
0.340000	0.584225	0.584191	0.584191
0.350000	0.586654	0.586618	0.586618
0.360000	0.589079	0.589041	0.589040
0.370000	0.591500	0.591460	0.591459
0.380000	0.593916	0.593874	0.593873
0.390000	0.596328	0.596283	0.596283
0.400000	0.598735	0.598688	0.598688
0.410000	0.601138	0.601089	0.601088
0.420000	0.603535	0.603484	0.603483
0.430000	0.605928	0.605874	0.605874
0.440000	0.608316	0.608260	0.608259
0.450000	0.610699	0.610640	0.610639
0.460000	0.613076	0.613015	0.613014
0.470000	0.615448	0.615385	0.615384
0.480000	0.617815	0.617749	0.617748
0.490000	0.620176	0.620107	0.620106
0.500000	0.622532	0.622460	0.622459
0.510000	0.624882	0.624807	0.624806
0.520000	0.627226	0.627149	0.627148
0.530000	0.629564	0.629484	0.629483
0.540000	0.631896	0.631813	0.631812
0.550000	0.634222	0.634137	0.634136
0.560000	0.636542	0.636454	0.636453
0.570000	0.638855	0.638764	0.638763
0.580000	0.641162	0.641068	0.641067
0.590000	0.643463	0.643366	0.643365
0.600000	0.645757	0.645657	0.645656
0.610000	0.648045	0.647942	0.647941
0.620000	0.650326	0.650220	0.650219
0.630000	0.652600	0.652491	0.652489
0.640000	0.654867	0.654755	0.654753
0.650000	0.657127	0.657012	0.657010
0.660000	0.659380	0.659261	0.659260
0.670000	0.661626	0.661504	0.661503
0.680000	0.663865	0.663740	0.663739
0.690000	0.666096	0.665968	0.665967
0.700000	0.668321	0.668189	0.668188
0.710000	0.670537	0.670402	0.670401
0.720000	0.672746	0.672608	0.672607
0.730000	0.674948	0.674806	0.674805
0.740000	0.677142	0.676997	0.676996
0.750000	0.679328	0.679180	0.679179
0.760000	0.681507	0.681355	0.681354
0.770000	0.683677	0.683522	0.683521
0.780000	0.685840	0.685681	0.685680
0.790000	0.687994	0.687833	0.687831
0.800000	0.690141	0.689976	0.689974
0.810000	0.692279	0.692111	0.692110
0.820000	0.694410	0.694238	0.694236
0.830000	0.696532	0.696356	0.696355
0.840000	0.698645	0.698466	0.698465
0.850000	0.700751	0.700568	0.700567
0.860000	0.702848	0.702662	0.702661
0.870000	0.704936	0.704747	0.704746
0.880000	0.707016	0.706823	0.706822
0.890000	0.709088	0.708891	0.708890
0.900000	0.711151	0.710951	0.710950
0.910000	0.713205	0.713001	0.713000
0.920000	0.715250	0.715043	0.715042
0.930000	0.717287	0.717077	0.717075
0.940000	0.719315	0.719101	0.719100
0.950000	0.721334	0.721116	0.721115
0.960000	0.723344	0.723123	0.723122
0.970000	0.725345	0.725121	0.725119
0.980000	0.727337	0.727109	0.727108
0.990000	0.729320	0.729089	0.729088
1.000000	0.731295	0.731060	0.731059
1.010000	0.733260	0.733021	0.733020
1.020000	0.735216	0.734974	0.734973
1.030000	0.737162	0.736917	0.736916
1.040000	0.739100	0.738851	0.738850
1.050000	0.741028	0.740776	0.740775
1.060000	0.742947	0.742692	0.742691
1.070000	0.744857	0.744598	0.744597
1.080000	0.746757	0.746495	0.746494
1.090000	0.748648	0.748383	0.748382
1.100000	0.750530	0.750261	0.750260
1.110000	0.752403	0.752130	0.752129
1.120000	0.754265	0.753990	0.753989
1.130000	0.756119	0.755840	0.755839
1.140000	0.757963	0.757681	0.757680
1.150000	0.759798	0.759512	0.759511
1.160000	0.761623	0.761334	0.761333
1.170000	0.763438	0.763146	0.763145
1.180000	0.765244	0.764949	0.764948
1.190000	0.767041	0.766742	0.766741
1.200000	0.768828	0.768526	0.768525
1.210000	0.770605	0.770300	0.770299
1.220000	0.772373	0.772065	0.772064
1.230000	0.774131	0.773820	0.773819
1.240000	0.775879	0.775565	0.775564
1.250000	0.777618	0.777301	0.777300
1.260000	0.779347	0.779027	0.779026
1.270000	0.781067	0.780744	0.780743
1.280000	0.782777	0.782451	0.782450
1.290000	0.784477	0.784148	0.784147
1.300000	0.786168	0.785836	0.785835
1.310000	0.787849	0.787514	0.787513
1.320000	0.789521	0.789183	0.789182
1.330000	0.791182	0.790842	0.790841
1.340000	0.792835	0.792491	0.792490
1.350000	0.794477	0.794131	0.794130
1.360000	0.796110	0.795761	0.795760
1.370000	0.797733	0.797381	0.797380
1.380000	0.799347	0.798992	0.798991
1.390000	0.800951	0.800593	0.800592
1.400000	0.802545	0.802185	0.802184
1.410000	0.804129	0.803767	0.803766
1.420000	0.805705	0.805339	0.805338
1.430000	0.807270	0.806902	0.806901
1.440000	0.808826	0.808456	0.808455
1.450000	0.810372	0.809999	0.809998
1.460000	0.811909	0.811534	0.811533
1.470000	0.813436	0.813058	0.813057
1.480000	0.814954	0.814574	0.814573
1.490000	0.816462	0.816079	0.816078
1.500000	0.817960	0.817575	0.817574
1.510000	0.819449	0.819062	0.819061
1.520000	0.820929	0.820539	0.820538
1.530000	0.822399	0.822007	0.822006
1.540000	0.823859	0.823466	0.823465
1.550000	0.825310	0.824915	0.824914
1.560000	0.826752	0.826354	0.826353
1.570000	0.828184	0.827785	0.827784
1.580000	0.829607	0.829205	0.829205
1.590000	0.831021	0.830617	0.830616
1.600000	0.832425	0.832019	0.832018
1.610000	0.833820	0.833412	0.833411
1.620000	0.835206	0.834796	0.834795
1.630000	0.836582	0.836171	0.836170
1.640000	0.837949	0.837536	0.837535
1.650000	0.839307	0.838892	0.838891
1.660000	0.840656	0.840239	0.840238
1.670000	0.841995	0.841577	0.841576
1.680000	0.843326	0.842905	0.842905
1.690000	0.844647	0.844225	0.844224
1.700000	0.845959	0.845536	0.845535
1.710000	0.847262	0.846837	0.846836
1.720000	0.848557	0.848130	0.848129
1.730000	0.849842	0.849413	0.849412
1.740000	0.851118	0.850688	0.850687
1.750000	0.852385	0.851954	0.851953
1.760000	0.853643	0.853210	0.853210
1.770000	0.854892	0.854458	0.854458
1.780000	0.856133	0.855698	0.855697
1.790000	0.857365	0.856928	0.856927
1.800000	0.858588	0.858150	0.858149
1.810000	0.859802	0.859363	0.859362
1.820000	0.861007	0.860567	0.860566
1.830000	0.862204	0.861762	0.861762
1.840000	0.863392	0.862949	0.862949
1.850000	0.864571	0.864128	0.864127
1.860000	0.865742	0.865298	0.865297
1.870000	0.866905	0.866459	0.866458
1.880000	0.868058	0.867612	0.867611
1.890000	0.869204	0.868756	0.868756
1.900000	0.870341	0.869892	0.869892
1.910000	0.871469	0.871020	0.871019
1.920000	0.872589	0.872139	0.872138
1.930000	0.873701	0.873250	0.873249
1.940000	0.874805	0.874353	0.874352
1.950000	0.875900	0.875447	0.875447
1.960000	0.876987	0.876533	0.876533
1.970000	0.878066	0.877612	0.877611
1.980000	0.879136	0.878682	0.878681
1.990000	0.880199	0.879744	0.879743
2.000000	0.881253	0.880798	0.880797
2.010000	0.882300	0.881844	0.881843
2.020000	0.883338	0.882881	0.882881
2.030000	0.884369	0.883912	0.883911
2.040000	0.885391	0.884934	0.884933
2.050000	0.886406	0.885948	0.885948
2.060000	0.887413	0.886955	0.886954
2.070000	0.888412	0.887953	0.887953
2.080000	0.889403	0.888944	0.888944
2.090000	0.890387	0.889928	0.889927
2.100000	0.891363	0.890904	0.890903
2.110000	0.892331	0.891872	0.891871
2.120000	0.893292	0.892832	0.892832
2.130000	0.894245	0.893785	0.893785
2.140000	0.895191	0.894731	0.894731
2.150000	0.896129	0.895669	0.895669
2.160000	0.897060	0.896600	0.896600
2.170000	0.897984	0.897523	0.897523
2.180000	0.898900	0.898439	0.898439
2.190000	0.899808	0.899348	0.899348
2.200000	0.900710	0.900250	0.900250
2.210000	0.901604	0.901144	0.901144
2.220000	0.902491	0.902031	0.902031
2.230000	0.903371	0.902912	0.902911
2.240000	0.904244	0.903785	0.903784
2.250000	0.905110	0.904651	0.904651
2.260000	0.905969	0.905510	0.905510
2.270000	0.906821	0.906362	0.906362
2.280000	0.907666	0.907207	0.907207
2.290000	0.908504	0.908046	0.908045
2.300000	0.909335	0.908877	0.908877
2.310000	0.910160	0.909702	0.909702
2.320000	0.910977	0.910520	0.910520
2.330000	0.911788	0.911332	0.911331
2.340000	0.912593	0.912136	0.912136
2.350000	0.913390	0.912934	0.912934
2.360000	0.914181	0.913726	0.913726
2.370000	0.914966	0.914511	0.914511
2.380000	0.915744	0.915290	0.915289
2.390000	0.916516	0.916062	0.916062
2.400000	0.917281	0.916827	0.916827
2.410000	0.918039	0.917587	0.917587
2.420000	0.918792	0.918340	0.918340
2.430000	0.919538	0.919087	0.919087
2.440000	0.920278	0.919827	0.919827
2.450000	0.921012	0.920562	0.920561
2.460000	0.921739	0.921290	0.921290
2.470000	0.922460	0.922012	0.922012
2.480000	0.923176	0.922728	0.922728
2.490000	0.923885	0.923438	0.923438
2.500000	0.924588	0.924142	0.924142
2.510000	0.925285	0.924840	0.924840
2.520000	0.925977	0.925532	0.925532
2.530000	0.926662	0.926218	0.926218
2.540000	0.927342	0.926899	0.926899
2.550000	0.928016	0.927574	0.927574
2.560000	0.928684	0.928242	0.928242
2.570000	0.929346	0.928906	0.928906
2.580000	0.930003	0.929563	0.929563
2.590000	0.930653	0.930215	0.930215
2.600000	0.931299	0.930862	0.930862
2.610000	0.931939	0.931502	0.931502
2.620000	0.932573	0.932138	0.932138
2.630000	0.933202	0.932768	0.932768
2.640000	0.933825	0.933392	0.933392
2.650000	0.934443	0.934011	0.934011
2.660000	0.935056	0.934625	0.934625
2.670000	0.935663	0.935233	0.935233
2.680000	0.936265	0.935836	0.935836
2.690000	0.936862	0.936434	0.936434
2.700000	0.937453	0.937027	0.937027
2.710000	0.938040	0.937614	0.937614
2.720000	0.938621	0.938196	0.938197
2.730000	0.939197	0.938774	0.938774
2.740000	0.939768	0.939346	0.939346
2.750000	0.940334	0.939913	0.939913
2.760000	0.940895	0.940476	0.940476
2.770000	0.941451	0.941033	0.941033
2.780000	0.942002	0.941585	0.941585
2.790000	0.942549	0.942133	0.942133
2.800000	0.943090	0.942676	0.942676
2.810000	0.943627	0.943214	0.943214
2.820000	0.944159	0.943747	0.943747
2.830000	0.944686	0.944275	0.944276
2.840000	0.945209	0.944799	0.944799
2.850000	0.945727	0.945319	0.945319
2.860000	0.946240	0.945833	0.945833
2.870000	0.946748	0.946343	0.946343
2.880000	0.947253	0.946849	0.946849
2.890000	0.947752	0.947350	0.947350
2.900000	0.948247	0.947846	0.947846
2.910000	0.948738	0.948338	0.948339
2.920000	0.949225	0.948826	0.948826
2.930000	0.949707	0.949309	0.949310
2.940000	0.950184	0.949789	0.949789
2.950000	0.950658	0.950263	0.950263
2.960000	0.951127	0.950734	0.950734
2.970000	0.951591	0.951200	0.951200
2.980000	0.952052	0.951662	0.951662
2.990000	0.952509	0.952120	0.952120
3.000000	0.952961	0.952574	0.952574
3.010000	0.953409	0.953024	0.953024
3.020000	0.953853	0.953469	0.953470
3.030000	0.954294	0.953911	0.953911
3.040000	0.954730	0.954349	0.954349
3.050000	0.955162	0.954782	0.954783
3.060000	0.955590	0.955212	0.955212
3.070000	0.956015	0.955638	0.955638
3.080000	0.956435	0.956060	0.956060
3.090000	0.956852	0.956478	0.956478
3.100000	0.957265	0.956892	0.956893
3.110000	0.957674	0.957303	0.957303
3.120000	0.958079	0.957710	0.957710
3.130000	0.958481	0.958113	0.958113
3.140000	0.958879	0.958513	0.958513
3.150000	0.959273	0.958908	0.958909
3.160000	0.959664	0.959301	0.959301
3.170000	0.960051	0.959689	0.959690
3.180000	0.960434	0.960074	0.960075
3.190000	0.960814	0.960456	0.960456
3.200000	0.961191	0.960834	0.960834
3.210000	0.961564	0.961209	0.961209
3.220000	0.961933	0.961580	0.961580
3.230000	0.962300	0.961947	0.961948
3.240000	0.962662	0.962312	0.962312
3.250000	0.963022	0.962673	0.962673
3.260000	0.963378	0.963031	0.963031
3.270000	0.963731	0.963385	0.963385
3.280000	0.964080	0.963736	0.963736
3.290000	0.964427	0.964084	0.964084
3.300000	0.964770	0.964429	0.964429
3.310000	0.965110	0.964770	0.964770
3.320000	0.965446	0.965108	0.965109
3.330000	0.965780	0.965443	0.965444
3.340000	0.966110	0.965776	0.965776
3.350000	0.966438	0.966105	0.966105
3.360000	0.966762	0.966430	0.966431
3.370000	0.967083	0.966753	0.966754
3.380000	0.967402	0.967073	0.967074
3.390000	0.967717	0.967390	0.967391
3.400000	0.968030	0.967704	0.967705
3.410000	0.968339	0.968015	0.968016
3.420000	0.968646	0.968323	0.968324
3.430000	0.968949	0.968629	0.968629
3.440000	0.969250	0.968931	0.968932
3.450000	0.969548	0.969231	0.969231
3.460000	0.969843	0.969528	0.969528
3.470000	0.970136	0.969822	0.969822
3.480000	0.970426	0.970113	0.970113
3.490000	0.970713	0.970402	0.970402
3.500000	0.970997	0.970687	0.970688
3.510000	0.971279	0.970971	0.970971
3.520000	0.971558	0.971251	0.971252
3.530000	0.971834	0.971529	0.971529
3.540000	0.972108	0.971804	0.971805
3.550000	0.972379	0.972077	0.972077
3.560000	0.972647	0.972347	0.972348
3.570000	0.972913	0.972615	0.972615
3.580000	0.973177	0.972880	0.972880
3.590000	0.973438	0.973143	0.973143
3.600000	0.973697	0.973403	0.973403
3.610000	0.973953	0.973660	0.973661
3.620000	0.974206	0.973916	0.973916
3.630000	0.974458	0.974168	0.974169
3.640000	0.974707	0.974419	0.974419
3.650000	0.974953	0.974667	0.974667
3.660000	0.975197	0.974913	0.974913
3.670000	0.975439	0.975156	0.975156
3.680000	0.975679	0.975397	0.975398
3.690000	0.975916	0.975636	0.975636
3.700000	0.976151	0.975873	0.975873
3.710000	0.976384	0.976107	0.976107
3.720000	0.976614	0.976339	0.976339
3.730000	0.976843	0.976569	0.976569
3.740000	0.977069	0.976797	0.976797
3.750000	0.977293	0.977022	0.977023
3.760000	0.977515	0.977246	0.977246
3.770000	0.977735	0.977467	0.977467
3.780000	0.977952	0.977686	0.977687
3.790000	0.978168	0.977903	0.977904
3.800000	0.978382	0.978118	0.978119
3.810000	0.978593	0.978331	0.978332
3.820000	0.978803	0.978542	0.978543
3.830000	0.979010	0.978751	0.978752
3.840000	0.979216	0.978958	0.978959
3.850000	0.979419	0.979163	0.979164
3.860000	0.979621	0.979366	0.979367
3.870000	0.979820	0.979567	0.979568
3.880000	0.980018	0.979767	0.979767
3.890000	0.980214	0.979964	0.979964
3.900000	0.980408	0.980159	0.980160
3.910000	0.980600	0.980353	0.980353
3.920000	0.980790	0.980545	0.980545
3.930000	0.980979	0.980734	0.980735
3.940000	0.981165	0.980922	0.980923
3.950000	0.981350	0.981109	0.981109
3.960000	0.981533	0.981293	0.981293
3.970000	0.981714	0.981476	0.981476
3.980000	0.981894	0.981657	0.981657
3.990000	0.982072	0.981836	0.981836
4.000000	0.982248	0.982013	0.982014
4.010000	0.982422	0.982189	0.982190
4.020000	0.982595	0.982363	0.982364
4.030000	0.982766	0.982536	0.982536
4.040000	0.982935	0.982707	0.982707
4.050000	0.983103	0.982876	0.982876
4.060000	0.983269	0.983043	0.983043
4.070000	0.983433	0.983209	0.983209
4.080000	0.983596	0.983373	0.983374
4.090000	0.983758	0.983536	0.983536
4.100000	0.983917	0.983697	0.983698
4.110000	0.984076	0.983857	0.983857
4.120000	0.984232	0.984015	0.984015
4.130000	0.984388	0.984171	0.984172
4.140000	0.984541	0.984326	0.984327
4.150000	0.984694	0.984480	0.984480
4.160000	0.984844	0.984632	0.984632
4.170000	0.984993	0.984783	0.984783
4.180000	0.985141	0.984932	0.984932
4.190000	0.985288	0.985079	0.985080
4.200000	0.985433	0.985226	0.985226
4.210000	0.985576	0.985371	0.985371
4.220000	0.985718	0.985514	0.985514
4.230000	0.985859	0.985656	0.985656
4.240000	0.985999	0.985797	0.985797
4.250000	0.986137	0.985936	0.985936
4.260000	0.986273	0.986074	0.986074
4.270000	0.986409	0.986211	0.986211
4.280000	0.986543	0.986346	0.986346
4.290000	0.986676	0.986480	0.986480
4.300000	0.986807	0.986613	0.986613
4.310000	0.986937	0.986744	0.986745
4.320000	0.987066	0.986874	0.986875
4.330000	0.987194	0.987003	0.987004
4.340000	0.987320	0.987131	0.987131
4.350000	0.987445	0.987257	0.987258
4.360000	0.987569	0.987383	0.987383
4.370000	0.987692	0.987507	0.987507
4.380000	0.987814	0.987629	0.987630
4.390000	0.987934	0.987751	0.987751
4.400000	0.988053	0.987871	0.987872
4.410000	0.988171	0.987991	0.987991
4.420000	0.988288	0.988109	0.988109
4.430000	0.988404	0.988226	0.988226
4.440000	0.988519	0.988341	0.988342
4.450000	0.988632	0.988456	0.988456
4.460000	0.988744	0.988570	0.988570
4.470000	0.988856	0.988682	0.988682
4.480000	0.988966	0.988793	0.988794
4.490000	0.989075	0.988904	0.988904
4.500000	0.989183	0.989013	0.989013
4.510000	0.989290	0.989121	0.989121
4.520000	0.989396	0.989228	0.989228
4.530000	0.989501	0.989334	0.989334
4.540000	0.989605	0.989439	0.989439
4.550000	0.989708	0.989543	0.989543
4.560000	0.989810	0.989646	0.989646
4.570000	0.989910	0.989748	0.989748
4.580000	0.990010	0.989849	0.989849
4.590000	0.990109	0.989949	0.989949
4.600000	0.990207	0.990048	0.990048
4.610000	0.990304	0.990146	0.990146
4.620000	0.990400	0.990243	0.990243
4.630000	0.990495	0.990339	0.990339
4.640000	0.990589	0.990434	0.990435
4.650000	0.990683	0.990529	0.990529
4.660000	0.990775	0.990622	0.990622
4.670000	0.990866	0.990714	0.990715
4.680000	0.990957	0.990806	0.990806
4.690000	0.991046	0.990897	0.990897
4.700000	0.991135	0.990986	0.990987
4.710000	0.991223	0.991075	0.991076
4.720000	0.991310	0.991163	0.991164
4.730000	0.991396	0.991250	0.991251
4.740000	0.991481	0.991337	0.991337
4.750000	0.991566	0.991422	0.991423
4.760000	0.991650	0.991507	0.991507
4.770000	0.991732	0.991591	0.991591
4.780000	0.991814	0.991674	0.991674
4.790000	0.991896	0.991756	0.991756
4.800000	0.991976	0.991837	0.991837
4.810000	0.992056	0.991918	0.991918
4.820000	0.992134	0.991998	0.991998
4.830000	0.992212	0.992077	0.992077
4.840000	0.992290	0.992155	0.992155
4.850000	0.992366	0.992232	0.992232
4.860000	0.992442	0.992309	0.992309
4.870000	0.992517	0.992385	0.992385
4.880000	0.992591	0.992460	0.992460
4.890000	0.992665	0.992534	0.992535
4.900000	0.992738	0.992608	0.992608
4.910000	0.992810	0.992681	0.992681
4.920000	0.992881	0.992754	0.992754
4.930000	0.992952	0.992825	0.992825
4.940000	0.993022	0.992896	0.992896
4.950000	0.993091	0.992966	0.992966
4.960000	0.993160	0.993036	0.993036
4.970000	0.993228	0.993104	0.993105
4.980000	0.993295	0.993173	0.993173
4.990000	0.993361	0.993240	0.993240
5.000000	0.993427	0.993307	0.993307
5.010000	0.993493	0.993373	0.993373
5.020000	0.993557	0.993439	0.993439
5.030000	0.993621	0.993503	0.993504
5.040000	0.993685	0.993568	0.993568
5.050000	0.993747	0.993631	0.993631
5.060000	0.993810	0.993694	0.993694
5.070000	0.993871	0.993757	0.993757
5.080000	0.993932	0.993818	0.993819
5.090000	0.993992	0.993879	0.993880
5.100000	0.994052	0.993940	0.993940
5.110000	0.994111	0.994000	0.994000
5.120000	0.994170	0.994059	0.994059
5.130000	0.994228	0.994118	0.994118
5.140000	0.994285	0.994176	0.994176
5.150000	0.994342	0.994234	0.994234
5.160000	0.994398	0.994291	0.994291
5.170000	0.994454	0.994347	0.994348
5.180000	0.994509	0.994403	0.994403
5.190000	0.994564	0.994459	0.994459
5.200000	0.994618	0.994513	0.994514
5.210000	0.994671	0.994568	0.994568
5.220000	0.994724	0.994622	0.994622
5.230000	0.994777	0.994675	0.994675
5.240000	0.994829	0.994727	0.994728
5.250000	0.994880	0.994780	0.994780
5.260000	0.994931	0.994831	0.994832
5.270000	0.994981	0.994883	0.994883
5.280000	0.995031	0.994933	0.994933
5.290000	0.995081	0.994983	0.994984
5.300000	0.995130	0.995033	0.995033
5.310000	0.995178	0.995082	0.995082
5.320000	0.995226	0.995131	0.995131
5.330000	0.995274	0.995179	0.995179
5.340000	0.995321	0.995227	0.995227
5.350000	0.995367	0.995274	0.995274
5.360000	0.995413	0.995321	0.995321
5.370000	0.995459	0.995367	0.995367
5.380000	0.995504	0.995413	0.995413
5.390000	0.995549	0.995459	0.995459
5.400000	0.995593	0.995504	0.995504
5.410000	0.995637	0.995548	0.995548
5.420000	0.995681	0.995592	0.995592
5.430000	0.995724	0.995636	0.995636
5.440000	0.995766	0.995679	0.995679
5.450000	0.995808	0.995722	0.995722
5.460000	0.995850	0.995764	0.995764
5.470000	0.995892	0.995806	0.995806
5.480000	0.995932	0.995848	0.995848
5.490000	0.995973	0.995889	0.995889
5.500000	0.996013	0.995930	0.995930
5.510000	0.996053	0.995970	0.995970
5.520000	0.996092	0.996010	0.996010
5.530000	0.996131	0.996050	0.996050
5.540000	0.996170	0.996089	0.996089
5.550000	0.996208	0.996127	0.996128
5.560000	0.996245	0.996166	0.996166
5.570000	0.996283	0.996204	0.996204
5.580000	0.996320	0.996241	0.996242
5.590000	0.996357	0.996279	0.996279
5.600000	0.996393	0.996316	0.996316
5.610000	0.996429	0.996352	0.996352
5.620000	0.996464	0.996388	0.996388
5.630000	0.996500	0.996424	0.996424
5.640000	0.996535	0.996460	0.996460
5.650000	0.996569	0.996495	0.996495
5.660000	0.996603	0.996529	0.996530
5.670000	0.996637	0.996564	0.996564
5.680000	0.996671	0.996598	0.996598
5.690000	0.996704	0.996632	0.996632
5.700000	0.996737	0.996665	0.996665
5.710000	0.996769	0.996698	0.996698
5.720000	0.996801	0.996731	0.996731
5.730000	0.996833	0.996763	0.996763
5.740000	0.996865	0.996795	0.996796
5.750000	0.996896	0.996827	0.996827
5.760000	0.996927	0.996859	0.996859
5.770000	0.996958	0.996890	0.996890
5.780000	0.996988	0.996921	0.996921
5.790000	0.997018	0.996951	0.996951
5.800000	0.997048	0.996981	0.996982
5.810000	0.997077	0.997011	0.997012
5.820000	0.997106	0.997041	0.997041
5.830000	0.997135	0.997070	0.997071
5.840000	0.997164	0.997099	0.997100
5.850000	0.997192	0.997128	0.997128
5.860000	0.997220	0.997157	0.997157
5.870000	0.997248	0.997185	0.997185
5.880000	0.997275	0.997213	0.997213
5.890000	0.997302	0.997241	0.997241
5.900000	0.997329	0.997268	0.997268
5.910000	0.997356	0.997295	0.997295
5.920000	0.997382	0.997322	0.997322
5.930000	0.997408	0.997348	0.997349
5.940000	0.997434	0.997375	0.997375
5.950000	0.997460	0.997401	0.997401
5.960000	0.997485	0.997427	0.997427
5.970000	0.997510	0.997452	0.997452
5.980000	0.997535	0.997477	0.997478
5.990000	0.997560	0.997502	0.997503
6.000000	0.997584	0.997527	0.997527
