0.000000	1.000000	1.000000	1.000000	1.000000
0.010000	0.999900	0.999800	0.999700	0.999700
0.020000	0.999600	0.999400	0.999200	0.999201
0.030000	0.999101	0.998801	0.998501	0.998502
0.040000	0.998403	0.998003	0.997604	0.997606
0.050000	0.997506	0.997007	0.996509	0.996512
0.060000	0.996413	0.995814	0.995218	0.995223
0.070000	0.995124	0.994426	0.993733	0.993739
0.080000	0.993641	0.992843	0.992054	0.992063
0.090000	0.991965	0.991069	0.990184	0.990197
0.100000	0.990099	0.989105	0.988125	0.988142
0.110000	0.988045	0.986952	0.985879	0.985902
0.120000	0.985804	0.984615	0.983449	0.983478
0.130000	0.983381	0.982094	0.980838	0.980873
0.140000	0.980777	0.979393	0.978048	0.978091
0.150000	0.977995	0.976516	0.975083	0.975134
0.160000	0.975039	0.973464	0.971945	0.972006
0.170000	0.971912	0.970242	0.968639	0.968711
0.180000	0.968617	0.966853	0.965167	0.965251
0.190000	0.965158	0.963301	0.961534	0.961631
0.200000	0.961538	0.959589	0.957744	0.957854
0.210000	0.957763	0.955722	0.953799	0.953925
0.220000	0.953834	0.951703	0.949706	0.949848
0.230000	0.949758	0.947537	0.945466	0.945626
0.240000	0.945537	0.943227	0.941086	0.941265
0.250000	0.941176	0.938779	0.936569	0.936768
0.260000	0.936680	0.934196	0.931921	0.932140
0.270000	0.932053	0.929483	0.927144	0.927386
0.280000	0.927300	0.924645	0.922244	0.922509
0.290000	0.922424	0.919686	0.917226	0.917515
0.300000	0.917431	0.914611	0.912094	0.912409
0.310000	0.912326	0.909425	0.906853	0.907194
0.320000	0.907112	0.904132	0.901508	0.901876
0.330000	0.901795	0.898737	0.896062	0.896459
0.340000	0.896379	0.893244	0.890522	0.890948
0.350000	0.890869	0.887659	0.884892	0.885347
0.360000	0.885269	0.881986	0.879175	0.879662
0.370000	0.879585	0.876229	0.873378	0.873897
0.380000	0.873820	0.870394	0.867505	0.868056
0.390000	0.867980	0.864485	0.861560	0.862143
0.400000	0.862069	0.858506	0.855547	0.856164
0.410000	0.856091	0.852463	0.849472	0.850123
0.420000	0.850051	0.846358	0.843338	0.844024
0.430000	0.843953	0.840198	0.837151	0.837872
0.440000	0.837802	0.833986	0.830913	0.831670
0.450000	0.831601	0.827726	0.824631	0.825423
0.460000	0.825355	0.821423	0.818306	0.819135
0.470000	0.819068	0.815080	0.811945	0.812810
0.480000	0.812744	0.808702	0.805550	0.806452
0.490000	0.806387	0.802293	0.799126	0.800064
0.500000	0.800000	0.795857	0.792676	0.793651
0.510000	0.793588	0.789396	0.786204	0.787216
0.520000	0.787154	0.782915	0.779714	0.780762
0.530000	0.780701	0.776418	0.773209	0.774293
0.540000	0.774234	0.769907	0.766692	0.767813
0.550000	0.767754	0.763387	0.760168	0.761325
0.560000	0.761267	0.756860	0.753638	0.754831
0.570000	0.754774	0.750330	0.747106	0.748335
0.580000	0.748279	0.743799	0.740576	0.741840
0.590000	0.741785	0.737271	0.734049	0.735348
0.600000	0.735294	0.730748	0.727529	0.728863
0.610000	0.728810	0.724233	0.721019	0.722387
0.620000	0.722335	0.717729	0.714520	0.715922
0.630000	0.715871	0.711239	0.708037	0.709471
0.640000	0.709421	0.704764	0.701570	0.703037
0.650000	0.702988	0.698307	0.695122	0.696621
0.660000	0.696573	0.691870	0.688695	0.690226
0.670000	0.690179	0.685456	0.682292	0.683854
0.680000	0.683807	0.679066	0.675915	0.677507
0.690000	0.677461	0.672702	0.669564	0.671186
0.700000	0.671141	0.666367	0.663243	0.664894
0.710000	0.664849	0.660061	0.656953	0.658631
0.720000	0.658588	0.653787	0.650694	0.652401
0.730000	0.652358	0.647547	0.644470	0.646204
0.740000	0.646162	0.641341	0.638282	0.640041
0.750000	0.640000	0.635171	0.632130	0.633914
0.760000	0.633874	0.629039	0.626016	0.627825
0.770000	0.627786	0.622945	0.619942	0.621775
0.780000	0.621736	0.616891	0.613908	0.615764
0.790000	0.615726	0.610879	0.607916	0.609793
0.800000	0.609756	0.604908	0.601966	0.603865
0.810000	0.603828	0.598980	0.596059	0.597979
0.820000	0.597943	0.593096	0.590197	0.592136
0.830000	0.592101	0.587257	0.584380	0.586338
0.840000	0.586304	0.581463	0.578608	0.580585
0.850000	0.580552	0.575715	0.572884	0.574878
0.860000	0.574845	0.570014	0.567206	0.569217
0.870000	0.569184	0.564361	0.561576	0.563603
0.880000	0.563571	0.558755	0.555994	0.558036
0.890000	0.558005	0.553198	0.550460	0.552517
0.900000	0.552486	0.547689	0.544976	0.547046
0.910000	0.547016	0.542230	0.539541	0.541624
0.920000	0.541594	0.536820	0.534155	0.536251
0.930000	0.536222	0.531460	0.528820	0.530926
0.940000	0.530898	0.526150	0.523534	0.525652
0.950000	0.525624	0.520890	0.518299	0.520427
0.960000	0.520400	0.515681	0.513115	0.515251
0.970000	0.515225	0.510522	0.507981	0.510126
0.980000	0.510100	0.505413	0.502897	0.505051
0.990000	0.505025	0.500356	0.497864	0.500025
1.000000	0.500000	0.495349	0.492882	0.495050
1.010000	0.495025	0.490392	0.487951	0.490124
1.020000	0.490100	0.485486	0.483070	0.485248
1.030000	0.485225	0.480631	0.478239	0.480423
1.040000	0.480400	0.475826	0.473459	0.475647
1.050000	0.475624	0.471071	0.468729	0.470921
1.060000	0.470898	0.466367	0.464049	0.466244
1.070000	0.466222	0.461712	0.459420	0.461617
1.080000	0.461595	0.457108	0.454839	0.457038
1.090000	0.457018	0.452553	0.450309	0.452509
1.100000	0.452489	0.448047	0.445827	0.448029
1.110000	0.448009	0.443590	0.441395	0.443597
1.120000	0.443577	0.439183	0.437011	0.439213
1.130000	0.439194	0.434824	0.432676	0.434877
1.140000	0.434858	0.430513	0.428389	0.430589
1.150000	0.430571	0.426250	0.424150	0.426348
1.160000	0.426330	0.422035	0.419958	0.422155
1.170000	0.422137	0.417867	0.415813	0.418008
1.180000	0.417990	0.413746	0.411716	0.413907
1.190000	0.413890	0.409672	0.407664	0.409853
1.200000	0.409836	0.405644	0.403659	0.405844
1.210000	0.405828	0.401662	0.399700	0.401881
1.220000	0.401865	0.397725	0.395786	0.397962
1.230000	0.397947	0.393834	0.391917	0.394089
1.240000	0.394073	0.389987	0.388092	0.390259
1.250000	0.390244	0.386185	0.384311	0.386473
1.260000	0.386458	0.382427	0.380575	0.382731
1.270000	0.382717	0.378712	0.376881	0.379032
1.280000	0.379018	0.375040	0.373231	0.375375
1.290000	0.375361	0.371412	0.369623	0.371761
1.300000	0.371747	0.367825	0.366057	0.368189
1.310000	0.368175	0.364280	0.362533	0.364657
1.320000	0.364644	0.360777	0.359050	0.361167
1.330000	0.361154	0.357315	0.355608	0.357718
1.340000	0.357705	0.353893	0.352206	0.354308
1.350000	0.354296	0.350511	0.348845	0.350939
1.360000	0.350926	0.347170	0.345523	0.347608
1.370000	0.347596	0.343867	0.342239	0.344317
1.380000	0.344305	0.340604	0.338995	0.341064
1.390000	0.341052	0.337379	0.335789	0.337849
1.400000	0.337838	0.334192	0.332620	0.334672
1.410000	0.334661	0.331042	0.329489	0.331532
1.420000	0.331521	0.327930	0.326395	0.328429
1.430000	0.328418	0.324854	0.323338	0.325362
1.440000	0.325351	0.321815	0.320316	0.322331
1.450000	0.322321	0.318812	0.317331	0.319336
1.460000	0.319326	0.315844	0.314380	0.316376
1.470000	0.316366	0.312911	0.311465	0.313450
1.480000	0.313440	0.310013	0.308583	0.310559
1.490000	0.310549	0.307149	0.305736	0.307702
1.500000	0.307692	0.304318	0.302923	0.304878
1.510000	0.304869	0.301521	0.300142	0.302087
1.520000	0.302078	0.298758	0.297395	0.299330
1.530000	0.299321	0.296026	0.294679	0.296604
1.540000	0.296595	0.293327	0.291996	0.293910
1.550000	0.293902	0.290660	0.289344	0.291248
1.560000	0.291240	0.288024	0.286724	0.288617
1.570000	0.288609	0.285419	0.284134	0.286017
1.580000	0.286008	0.282845	0.281575	0.283447
1.590000	0.283439	0.280301	0.279046	0.280907
1.600000	0.280899	0.277787	0.276546	0.278396
1.610000	0.278389	0.275302	0.274076	0.275915
1.620000	0.275908	0.272846	0.271635	0.273463
1.630000	0.273456	0.270420	0.269222	0.271039
1.640000	0.271032	0.268021	0.266838	0.268644
1.650000	0.268637	0.265650	0.264481	0.266276
1.660000	0.266269	0.263308	0.262151	0.263936
1.670000	0.263929	0.260992	0.259849	0.261623
1.680000	0.261616	0.258703	0.257574	0.259336
1.690000	0.259329	0.256441	0.255325	0.257076
1.700000	0.257069	0.254205	0.253102	0.254842
1.710000	0.254836	0.251995	0.250904	0.252634
1.720000	0.252627	0.249811	0.248732	0.250451
1.730000	0.250445	0.247651	0.246586	0.248293
1.740000	0.248287	0.245517	0.244464	0.246160
1.750000	0.246154	0.243407	0.242366	0.244051
1.760000	0.244045	0.241322	0.240292	0.241967
1.770000	0.241961	0.239260	0.238243	0.239906
1.780000	0.239900	0.237222	0.236216	0.237869
1.790000	0.237863	0.235208	0.234213	0.235855
1.800000	0.235849	0.233216	0.232233	0.233863
1.810000	0.233858	0.231247	0.230275	0.231895
1.820000	0.231889	0.229301	0.228340	0.229948
1.830000	0.229943	0.227376	0.226426	0.228024
1.840000	0.228019	0.225474	0.224534	0.226122
1.850000	0.226116	0.223593	0.222664	0.224240
1.860000	0.224235	0.221733	0.220815	0.222380
1.870000	0.222375	0.219894	0.218986	0.220541
1.880000	0.220536	0.218076	0.217178	0.218723
1.890000	0.218718	0.216278	0.215391	0.216924
1.900000	0.216920	0.214501	0.213623	0.215146
1.910000	0.215142	0.212743	0.211875	0.213388
1.920000	0.213383	0.211005	0.210147	0.211649
1.930000	0.211645	0.209287	0.208438	0.209930
1.940000	0.209925	0.207587	0.206748	0.208229
1.950000	0.208225	0.205907	0.205076	0.206548
1.960000	0.206543	0.204245	0.203424	0.204884
1.970000	0.204880	0.202601	0.201789	0.203240
1.980000	0.203236	0.200976	0.200173	0.201613
1.990000	0.201609	0.199368	0.198574	0.200004
