0.000000	1.000000	1.000000	1.000000
0.010000	1.000000	1.000000	0.999900
0.020000	0.999900	0.999800	0.999600
0.030000	0.999600	0.999400	0.999101
0.040000	0.999101	0.998801	0.998402
0.050000	0.998403	0.998003	0.997506
0.060000	0.997506	0.997007	0.996412
0.070000	0.996413	0.995814	0.995123
0.080000	0.995124	0.994426	0.993640
0.090000	0.993641	0.992843	0.991964
0.100000	0.991965	0.991069	0.990097
0.110000	0.990099	0.989105	0.988043
0.120000	0.988045	0.986952	0.985802
0.130000	0.985804	0.984615	0.983378
0.140000	0.983381	0.982094	0.980774
0.150000	0.980777	0.979393	0.977992
0.160000	0.977995	0.976516	0.975035
0.170000	0.975039	0.973464	0.971908
0.180000	0.971912	0.970242	0.968612
0.190000	0.968617	0.966853	0.965153
0.200000	0.965158	0.963301	0.961534
0.210000	0.961538	0.959589	0.957758
0.220000	0.957763	0.955722	0.953830
0.230000	0.953834	0.951703	0.949753
0.240000	0.949758	0.947537	0.945533
0.250000	0.945537	0.943227	0.941173
0.260000	0.941176	0.938779	0.936677
0.270000	0.936680	0.934196	0.932051
0.280000	0.932053	0.929483	0.927298
0.290000	0.927300	0.924645	0.922424
0.300000	0.922424	0.919686	0.917432
0.310000	0.917431	0.914611	0.912328
0.320000	0.912326	0.909425	0.907117
0.330000	0.907112	0.904132	0.901802
0.340000	0.901795	0.898737	0.896388
0.350000	0.896379	0.893244	0.890881
0.360000	0.890869	0.887659	0.885285
0.370000	0.885269	0.881986	0.879605
0.380000	0.879585	0.876229	0.873844
0.390000	0.873820	0.870394	0.868008
0.400000	0.867980	0.864485	0.862102
0.410000	0.862069	0.858506	0.856130
0.420000	0.856091	0.852463	0.850095
0.430000	0.850051	0.846358	0.844004
0.440000	0.843953	0.840198	0.837859
0.450000	0.837802	0.833986	0.831666
0.460000	0.831601	0.827726	0.825427
0.470000	0.825355	0.821423	0.819149
0.480000	0.819068	0.815080	0.812833
0.490000	0.812744	0.808702	0.806486
0.500000	0.806387	0.802293	0.800109
0.510000	0.800000	0.795857	0.793707
0.520000	0.793588	0.789396	0.787284
0.530000	0.787154	0.782915	0.780843
0.540000	0.780701	0.776418	0.774387
0.550000	0.774234	0.769907	0.767921
0.560000	0.767754	0.763387	0.761447
0.570000	0.761267	0.756860	0.754968
0.580000	0.754774	0.750330	0.748487
0.590000	0.748279	0.743799	0.742008
0.600000	0.741785	0.737271	0.735532
0.610000	0.735294	0.730748	0.729064
0.620000	0.728810	0.724233	0.722605
0.630000	0.722335	0.717729	0.716159
0.640000	0.715871	0.711239	0.709726
0.650000	0.709421	0.704764	0.703311
0.660000	0.702988	0.698307	0.696915
0.670000	0.696573	0.691870	0.690540
0.680000	0.690179	0.685456	0.684188
0.690000	0.683807	0.679066	0.677861
0.700000	0.677461	0.672702	0.671562
0.710000	0.671141	0.666367	0.665291
0.720000	0.664849	0.660061	0.659051
0.730000	0.658588	0.653787	0.652843
0.740000	0.652358	0.647547	0.646669
0.750000	0.646162	0.641341	0.640530
0.760000	0.640000	0.635171	0.634427
0.770000	0.633874	0.629039	0.628361
0.780000	0.627786	0.622945	0.622335
0.790000	0.621736	0.616891	0.616349
0.800000	0.615726	0.610879	0.610403
0.810000	0.609756	0.604908	0.604500
0.820000	0.603828	0.598980	0.598640
0.830000	0.597943	0.593096	0.592823
0.840000	0.592101	0.587257	0.587051
0.850000	0.586304	0.581463	0.581324
0.860000	0.580552	0.575715	0.575643
0.870000	0.574845	0.570014	0.570008
0.880000	0.569184	0.564361	0.564421
0.890000	0.563571	0.558755	0.558881
0.900000	0.558005	0.553198	0.553388
0.910000	0.552486	0.547689	0.547945
0.920000	0.547016	0.542230	0.542550
0.930000	0.541594	0.536820	0.537204
0.940000	0.536222	0.531460	0.531907
0.950000	0.530898	0.526150	0.526660
0.960000	0.525624	0.520890	0.521462
0.970000	0.520400	0.515681	0.516314
0.980000	0.515225	0.510522	0.511216
0.990000	0.510100	0.505413	0.506168
1.000000	0.505025	0.500356	0.501170
1.010000	0.500000	0.495349	0.496222
1.020000	0.495025	0.490392	0.491324
1.030000	0.490100	0.485486	0.486476
1.040000	0.485225	0.480631	0.481677
1.050000	0.480400	0.475826	0.476929
1.060000	0.475624	0.471071	0.472229
1.070000	0.470898	0.466367	0.467580
1.080000	0.466222	0.461712	0.462979
1.090000	0.461595	0.457108	0.458428
1.100000	0.457018	0.452553	0.453925
1.110000	0.452489	0.448047	0.449471
1.120000	0.448009	0.443590	0.445066
1.130000	0.443577	0.439183	0.440708
1.140000	0.439194	0.434824	0.436399
1.150000	0.434858	0.430513	0.432137
1.160000	0.430571	0.426250	0.427922
1.170000	0.426330	0.422035	0.423754
1.180000	0.422137	0.417867	0.419632
1.190000	0.417990	0.413746	0.415557
1.200000	0.413890	0.409672	0.411527
1.210000	0.409836	0.405644	0.407543
1.220000	0.405828	0.401662	0.403605
1.230000	0.401865	0.397725	0.399711
1.240000	0.397947	0.393834	0.395861
1.250000	0.394073	0.389987	0.392056
1.260000	0.390244	0.386185	0.388294
1.270000	0.386458	0.382427	0.384575
1.280000	0.382717	0.378712	0.380899
1.290000	0.379018	0.375040	0.377265
1.300000	0.375361	0.371412	0.373674
1.310000	0.371747	0.367825	0.370124
1.320000	0.368175	0.364280	0.366615
1.330000	0.364644	0.360777	0.363147
1.340000	0.361154	0.357315	0.359719
1.350000	0.357705	0.353893	0.356331
1.360000	0.354296	0.350511	0.352983
1.370000	0.350926	0.347170	0.349673
1.380000	0.347596	0.343867	0.346403
1.390000	0.344305	0.340604	0.343170
1.400000	0.341052	0.337379	0.339976
1.410000	0.337838	0.334192	0.336818
1.420000	0.334661	0.331042	0.333698
1.430000	0.331521	0.327930	0.330614
1.440000	0.328418	0.324854	0.327567
1.450000	0.325351	0.321815	0.324555
1.460000	0.322321	0.318812	0.321578
1.470000	0.319326	0.315844	0.318636
1.480000	0.316366	0.312911	0.315729
1.490000	0.313440	0.310013	0.312855
1.500000	0.310549	0.307149	0.310016
1.510000	0.307692	0.304318	0.307209
1.520000	0.304869	0.301521	0.304436
1.530000	0.302078	0.298758	0.301695
1.540000	0.299321	0.296026	0.298986
1.550000	0.296595	0.293327	0.296308
1.560000	0.293902	0.290660	0.293662
1.570000	0.291240	0.288024	0.291047
1.580000	0.288609	0.285419	0.288462
1.590000	0.286008	0.282845	0.285907
1.600000	0.283439	0.280301	0.283382
1.610000	0.280899	0.277787	0.280887
1.620000	0.278389	0.275302	0.278420
1.630000	0.275908	0.272846	0.275982
1.640000	0.273456	0.270420	0.273573
1.650000	0.271032	0.268021	0.271191
1.660000	0.268637	0.265650	0.268837
1.670000	0.266269	0.263308	0.266510
1.680000	0.263929	0.260992	0.264209
1.690000	0.261616	0.258703	0.261936
1.700000	0.259329	0.256441	0.259688
1.710000	0.257069	0.254205	0.257466
1.720000	0.254836	0.251995	0.255270
1.730000	0.252627	0.249811	0.253099
1.740000	0.250445	0.247651	0.250953
1.750000	0.248287	0.245517	0.248831
1.760000	0.246154	0.243407	0.246734
1.770000	0.244045	0.241322	0.244660
1.780000	0.241961	0.239260	0.242611
1.790000	0.239900	0.237222	0.240584
1.800000	0.237863	0.235208	0.238580
1.810000	0.235849	0.233216	0.236599
1.820000	0.233858	0.231247	0.234640
1.830000	0.231889	0.229301	0.232704
1.840000	0.229943	0.227376	0.230789
1.850000	0.228019	0.225474	0.228896
1.860000	0.226116	0.223593	0.227024
1.870000	0.224235	0.221733	0.225172
1.880000	0.222375	0.219894	0.223342
1.890000	0.220536	0.218076	0.221532
1.900000	0.218718	0.216278	0.219742
1.910000	0.216920	0.214501	0.217972
1.920000	0.215142	0.212743	0.216222
1.930000	0.213383	0.211005	0.214491
1.940000	0.211645	0.209287	0.212779
1.950000	0.209925	0.207587	0.211086
1.960000	0.208225	0.205907	0.209411
1.970000	0.206543	0.204245	0.207755
1.980000	0.204880	0.202601	0.206117
1.990000	0.203236	0.200976	0.204497
